      2.2000000     -1.5466324      1.4065780     0.78513061      4.6296793     0.78513061
      2.2100000     -1.5322593      1.4777806     0.77134217      5.8753395     0.77134217
      2.2200000     -1.5167644      1.5960510     0.75403668      9.0078521     0.75403668
      2.2300000     -1.4998612      1.7148897     0.73149939      13.948731     0.73149939
      2.2400000     -1.4827534      1.8222227     0.70846102      19.594509     0.70846102
      2.2500000     -1.4635018      1.9845480     0.67549115      31.590649     0.67549115
      2.2600000     -1.4417967      2.3148028     0.27569713      77.303176     0.62403765
      2.2700000     -1.4182842      2.6205913     0.54884106      175.81936     0.55064953
      2.2800000     -1.3898379      2.6423024   -0.050469062      294.01246     0.41480533
      2.2900000     -1.3667608      2.2711294    0.047734495      247.82118     0.33801608
      2.3000000     -1.3442835      2.0220341    0.041147237      206.35289     0.24423336
      2.3100000     -1.3259016      1.7344228    0.024852057      146.38625     0.19443525
      2.3200000     -1.3094813      1.6030156   0.0096476229      108.36270     0.16040031
      2.3300000     -1.2940335      1.5215487   -0.011723851      85.572395     0.14118594
      2.3400000     -1.2794655      1.4363835  0.00022867071      67.480393     0.12088239
      2.3500000     -1.2656479      1.3917553   0.0038189904      57.751793     0.11313846
      2.3600000     -1.2521483      1.3122489  -0.0027377466      41.625736    0.094231700
      2.3700000     -1.2395537      1.2650372   0.0050050257      39.181210    0.090317446
      2.3800000     -1.2273051      1.2190872  -0.0027384785      31.744307    0.080776901
      2.3900000     -1.2153639      1.1698595  -0.0017497378      27.894492    0.076747320
      2.4000000     -1.2041772      1.1426031  0.00065383459      24.930418    0.072055525

